,0,1,2,3,4,5,6,7,8,9,10,11,12,13,14,15,16,17,18,19,20,21,22,23,24,25,26,27,28,29,30,31,32,33,34,35,36,37,38,39,40,41,42,43,44,45,46,47,48,49,50,51,52,53,54,55,56,57,58,59,60,61,62,63,64,65,66,67,68,69,70
0,0.0,162.6871675261693,954.3116515757253,4312.1920216693225,3150.6123202045537,2979.2414957563733,2306.7153067791146,1993.147897066552,873.9456625552333,3860.3978375439942,7077.264521932655,7291.097730111188,6883.964256452801,6392.078139586118,7930.130324929904,7705.300057683752,5168.603078334832,3834.3610459313863,2869.1908531793697,1335.8210248828188,1048.4789092706983,1098.5586593515966,1181.8354239161774,1234.5941963147343,1463.9834075475064,1822.5812119492227,1291.7085693935376,1242.8124818402057,3141.8345926322804,3773.963889546407,3304.6391297874475,3192.8899501294095,5873.907523105461,2484.2444519426936,6450.667862993976,2398.26493741906,10806.665505404548,1642.0520374979064,4680.314015879695,5075.220314222546,3948.2431382045897,4605.625214804326,3319.957972272049,4769.423870290121,5025.23626321919,7481.630732173863,7669.227267776329,6523.946578138384,3275.2397011943485,5827.370558749849,6070.800786924346,7167.896164757358,6261.686557306365,6620.674268595682,5283.971412928829,5581.232444715244,5401.636920221376,4608.082146417988,3786.462979437285,4280.577448836793,4496.507590912653,4834.713559436003,5070.217497054826,4778.569115527961,4962.991283301529,5210.9934602328685,6180.9559833740705,6090.056601459131,5544.5306488973065,5821.522313474557,7128.881729100533
1,162.6871675261693,0.0,918.7017233645801,4230.957126763319,3124.2126674785254,2998.485851234247,2293.6161598446365,1838.5305931607518,712.704975272233,3697.8023108931684,6946.586363981167,7140.277092340641,6728.933012188349,6232.471990602727,7789.421791960576,7569.267553763237,5024.3488410311365,3684.0613326370444,2768.570085531166,1300.0706900560276,1023.0143265547267,936.3152758727526,1023.1918711421604,1076.5560778835595,1302.394978265143,1674.2412628815896,1348.4541396982415,1361.22706213417,3086.334419607437,3662.92557664253,3209.5128768400323,3032.6092081812735,5716.218819795451,2325.0044031748425,6298.16752077526,2237.0901073775653,10694.244378477346,1708.3673142710045,4819.208874373001,5202.1082222578025,4074.1510690852865,4658.676589152602,3355.5407238759053,4750.103354751238,4986.05383794352,7450.025094075514,7656.772000700432,6482.410631687771,3307.602448260492,5851.4834886063245,6102.931739203986,7235.027237950487,6337.270231142538,6695.856263624914,5408.156327632024,5689.885591887523,5522.030993015206,4737.821218847475,3930.2696572639766,4414.893125373399,4629.028655644617,4933.521564103298,5118.497304880767,4826.057867574526,4996.901402002784,5227.7589276668305,6212.669924251027,6125.342807031023,5525.234127391,5807.636563018263,7104.2708419185965
2,954.3116515757253,918.7017233645801,0.0,3391.2606269003613,2205.51455980251,2130.9387631299137,1381.0619022541548,1646.2319631662767,993.2123312382865,3719.5059169756814,7438.425642417218,7424.190922691871,6949.48089014409,6356.283087181921,8187.834529450099,8012.806475643599,5411.131926105547,3310.3828376320134,2016.6154590491456,382.4178325838961,117.57078724454543,1163.4454847891323,1096.1923954384283,1116.856182070964,1585.0265991212698,1402.6029928629316,740.3321101742698,1152.8460465545857,2190.6743946207844,2950.714313165685,2425.886161056318,2886.460251339851,5436.470475195823,2565.8709140255933,6564.706524330046,2423.752134463075,11293.431976035563,1081.5082179965805,5440.013658665116,5896.756988347727,4780.633295216569,5559.890889714225,4269.942310188399,5647.236435630776,5854.143848933025,8327.154134949955,8558.93655145609,7343.170048438296,4223.429981349034,6769.884295897746,7019.273441912619,8117.088201357934,7204.471960884974,7563.6777732343235,6116.254411086985,6465.7285605788375,6248.516857301031,5418.960928429756,4520.903972255288,5070.381344097116,5294.253505998163,5744.632389713837,6024.388475233812,5732.6369215331015,5912.396243524001,6146.357244109791,7129.177555317307,7040.3174373329075,6421.453324598569,6709.463926663934,7992.225385335007
3,4312.1920216693225,4230.957126763319,3391.2606269003613,0.0,1733.0286600089166,2592.4168978953026,2403.943432710425,3120.5487396250205,3839.199667939002,4165.246687312738,8618.96295568145,7860.648358407309,7222.796850110959,6380.921335114081,8956.072063285455,8962.38435954948,6509.420015371923,2628.9750286126437,1536.3275612428167,3039.6784269959667,3326.995766918348,3793.9580524604135,3614.889243123135,3572.523219924892,3934.3955507719484,3031.381013707424,3578.2715944573215,4169.153825271365,1321.059205589523,1063.3966922852915,1083.200429544279,3301.8333237801435,4161.036626762258,4198.17312811825,7057.8559269910875,4018.6735002628175,12634.308062931415,3556.374177369141,8740.592019376387,9248.72402569267,8146.5441575377345,8862.138268341785,7522.350830950452,8570.255213930768,8608.019795067608,11044.527894390296,11445.276023992348,9998.605584094244,7464.966626701822,9937.773731065028,10225.852942356221,11459.325355220553,10568.05458329787,10926.519635949227,9475.370049449832,9853.47622734364,9617.43086691426,8765.535422976225,7811.823888667593,8402.751655663034,8631.14526491428,9135.472531399633,9307.794791508402,9014.67985390463,9137.99200531783,9283.699580978653,10332.701101903438,10262.092486940099,9313.25845675381,9633.110389775456,10786.33321173891
4,3150.6123202045537,3124.2126674785254,2205.51455980251,1733.0286600089166,0.0,872.1157736585741,866.3554168003318,2822.7005133421862,3002.608721043411,4588.844409487378,8894.74028263877,8475.506198150897,7894.961960552279,7137.433739538971,9439.642967721555,9358.787458250425,6766.916506883653,3395.2765220494907,1516.2976636529233,1824.758873859168,2103.782050052274,3061.952278229808,2906.8079672162535,2887.1116182476635,3367.9004685235445,2613.5558316076103,2097.5025327143735,2641.714559531301,578.3391698132043,2063.693100040401,1467.1587144928417,3619.791525455231,5373.8034841400595,4033.379963456757,7624.0438223383435,3849.767306671661,12881.680819334242,1968.7299731112325,7199.273264683601,7760.430585483543,6693.609838565156,7741.157290592022,6470.516883024844,7820.379289063781,7982.883457153765,10460.377346984893,10735.14695168259,9452.31898930126,6425.7256447439695,8975.050789220282,9221.4047689024,10262.450216270057,9328.444114334969,9687.196964483217,7996.464529417398,8448.924479382538,8155.724095212161,7274.195762172247,6273.718277517547,6897.399733540566,7128.6152330206905,7792.349571159046,8211.597391763013,7921.243734878711,8113.575003417777,8351.632373280794,9331.539838364744,9240.365782870864,8591.269604755362,8887.591790958711,10144.88614284205
5,2979.2414957563733,2998.485851234247,2130.9387631299137,2592.4168978953026,872.1157736585741,0.0,864.0497084751889,3217.36557390694,3080.4210912653266,5160.567655190417,9319.5878766127,9042.840198259271,8490.162625619545,7772.026762508817,9945.627986557662,9829.66920446753,7216.280101994515,4120.449216667978,2227.98934718045,1802.1772226525486,2014.092987408621,3199.2531294048713,3075.1750011306694,3071.174421887007,3572.3884946515736,2975.687193814211,1735.2504140940935,2159.063360868482,1416.4929323093975,2902.2587083429185,2281.3462426739156,4197.664179544399,6166.343769971771,4392.371014711297,8182.721714208389,4217.999081011167,13261.050827796069,1476.0684233775064,6579.503317862909,7181.636765574189,6155.321345926629,7435.610949842426,6234.125623255089,7746.85016761317,7978.263921069166,10446.863019210206,10648.449089403579,9470.545089494173,6198.756463916427,8756.12819950141,8973.433861564723,9879.342674662179,8923.684041051161,9279.615851659115,7423.503212451994,7931.369573933448,7595.499098036243,6697.199598975956,5665.968374572754,6312.122847647565,6543.464491654776,7327.983754398734,7916.21460904666,7631.619351182029,7866.528122634767,8159.818426859903,9084.457909050816,8981.218518448539,8522.065006464216,8800.702463568032,10102.730327868649
6,2306.7153067791146,2293.6161598446365,1381.0619022541548,2403.943432710425,866.3554168003318,864.0497084751889,0.0,2356.111506020072,2267.3855730964256,4329.874565730982,8455.817850526575,8201.694594360193,7659.230037049401,6959.693194629527,9089.461950173803,8968.819748166092,6354.499824494035,3396.575132308259,1560.1605876345786,1013.3776285395961,1271.6526687184967,2366.527091064079,2232.665089842319,2224.767992255472,2724.441253649459,2112.628789321082,1238.1142857641971,1801.1081178947964,1082.8843473595605,2390.945678645437,1754.568134648532,3375.465704275419,5500.402611192186,3528.3663208140724,7340.0666248864845,3353.9687640859147,12397.981660753156,1155.9551756168246,6377.774206349596,6921.526602235411,5844.589061956448,6881.725127525691,5622.226262882226,7026.938223132762,7221.3721603119975,9697.304061654033,9939.453176364448,8704.333995286233,5579.505228968118,8133.782458562353,8373.435563536927,9396.747776236021,8462.105832449848,8820.849075194395,7155.252222658912,7592.979523394204,7310.393739175492,6435.585279673068,5449.648634066367,6062.53309586781,6293.170759200737,6929.042519035309,7353.987425925634,7064.337629380966,7264.896983521559,7517.077982280389,8483.84602897385,8390.027744205603,7800.730435784277,8090.0407911339,9367.982034521563
7,1993.147897066552,1838.5305931607518,1646.2319631662767,3120.5487396250205,2822.7005133421862,3217.36557390694,2356.111506020072,0.0,1144.8687806707042,2085.2101857351695,6107.105705637846,5881.8338290707725,5369.703674004828,4734.825845012435,6736.920787277035,6612.732750675292,3998.91644514045,1854.8454593334618,1620.6074186290473,1678.6197015087243,1712.1336830150333,959.5829608033614,824.4949107317282,768.82611247482,877.875120247246,257.2340349700967,2369.18188044267,2784.2513518795495,2451.1952891683827,2239.567925678505,2047.775567018419,1247.4487452581093,3885.871095303437,1211.0037739181716,5018.565233282879,1027.0685163418902,10071.656388506039,2671.698012794975,6628.711252433986,6963.99476246444,5838.308504592044,5986.216815629365,4619.474870694081,5466.885913572864,5487.618040869343,7927.177100922289,8327.403220915216,6884.40135005729,4552.027442223982,6913.016398893187,7224.655587771903,8611.460191986027,7787.665902126924,8138.336930347769,7156.821415439263,7357.030709537479,7251.983823963546,6513.928633113142,5755.271379121722,6209.889841067857,6416.561816834466,6553.02497824878,6396.385492982827,6107.311547956968,6167.830935344249,6248.593921733656,7327.998257312253,7272.589688668699,6200.873311231705,6524.0291133706605,7665.794142106254
8,873.9456625552333,712.704975272233,993.2123312382865,3839.199667939002,3002.608721043411,3080.4210912653266,2267.3855730964256,1144.8687806707042,0.0,2999.6688768833837,6466.3711335518665,6537.828467289403,6098.354071022961,5567.064821950543,7248.5879780150635,7056.39623772934,4471.050748237814,2999.412141666353,2316.1667768174025,1278.6755996168508,1107.4583991667555,230.36997428445923,320.3790343755859,376.1795982472559,644.654263187327,1013.6548203825653,1682.5022261303632,1903.828635142305,2834.750173121047,3144.9900915329326,2771.980587680474,2320.292866817842,5007.923269726558,1677.2818106902837,5686.075989861393,1567.2124424025776,10302.799285829115,2045.2438212268084,5484.871876065557,5831.842924564799,4704.400078258781,5037.354126284977,3687.17564110911,4835.441146541858,4980.336840604324,7457.780043634859,7747.648261360751,6451.645290218361,3628.103748377663,6106.989544591151,6388.75742617518,7650.832006698195,6788.313353345598,7143.882501971207,6029.041464121912,6259.757940627086,6130.689066894624,5377.312114171807,4610.516987742239,5068.50015957186,5276.957856634761,5473.492230514907,5474.904441890783,5182.10610515236,5298.845623213149,5458.983992635157,6496.093944388318,6423.55809298029,5601.71880584484,5904.917261323778,7145.113098876678
9,3860.3978375439942,3697.8023108931684,3719.5059169756814,4165.246687312738,4588.844409487378,5160.567655190417,4329.874565730982,2085.2101857351695,2999.6688768833837,0.0,4454.329772388674,3889.6906074030435,3330.096073933348,2652.656638332118,4868.710674208299,4827.634826291131,2349.5238608205877,1594.4978924356656,3100.8248136489315,3761.6424914923896,3792.3450675398567,2769.660690840047,2727.133675029572,2684.446960413171,2403.3559851099076,2340.2194902077163,4450.811752858419,4833.068765857393,4085.3823732272413,3102.0110745639563,3342.057127440694,969.5884966224455,2407.239249123159,1469.4289101723793,3035.474477521629,1492.762043903198,8471.289987606351,4756.9032746791,8175.889650804478,8375.25409352265,7292.108187361586,6784.730061677843,5486.780402151967,5609.109993876459,5384.518362331194,7563.095821616096,8162.558956619511,6513.8502553757335,5407.113494634346,7310.787242236393,7674.190385390972,9323.146302895477,8640.225036305956,8964.0824387452,8532.875361115879,8567.693165228304,8585.532799825154,7971.890489125124,7380.589512990374,7724.979893556999,7905.886668329515,7717.250009260597,7100.333042113821,6838.295067531333,6758.786344659011,6653.089815019345,7762.708513811016,7750.76661824238,6209.450332260533,6547.243351174401,7416.504517313288
10,7077.264521932655,6946.586363981167,7438.425642417218,8618.96295568145,8894.74028263877,9319.5878766127,8455.817850526575,6107.105705637846,6466.3711335518665,4454.329772388674,0.0,1811.6016935395808,2279.0473341196657,3006.469696884568,1188.3726364889505,753.776960853625,2133.730196623225,6015.695749504063,7480.724414039658,7638.8356834302485,7544.737603356446,6276.573485314991,6348.549838219588,6335.603599174759,5853.531844771484,6344.468848286784,8148.766619742286,8305.131343458339,8445.798869450424,7556.020215476382,7770.37698998633,5363.047195265316,5601.667785392903,4931.844083172971,1986.154455387242,5102.873487608919,4018.1741840550612,8509.984514639178,9836.099981607285,9687.974111856965,8888.666017415588,7145.6875763732405,6428.568899084212,5096.712372999131,4478.854019635348,5233.62446481774,6120.1295108445765,4498.02180264111,6358.68592275236,6691.435730629886,7065.025465123659,8927.832929035418,8673.01329798758,8879.01867538213,9740.039798684422,9396.12718925187,9687.34141630757,9456.796684365674,9348.976265799425,9381.52301485315,9473.418944923296,8603.802053157422,7177.183130651896,7046.421864448185,6706.285459635711,6253.055136099275,7099.571872098565,7182.50344504318,5147.639837474706,5384.39488270564,5377.93869769617
11,7291.097730111188,7140.277092340641,7424.190922691871,7860.648358407309,8475.506198150897,9042.840198259271,8201.694594360193,5881.8338290707725,6537.828467289403,3889.6906074030435,1811.6016935395808,0.0,673.2324824729313,1563.5127281671257,1244.5716357246924,1514.3058459595704,2198.226318885944,5245.398588217268,6975.731700991113,7540.820601573441,7515.317327699107,6319.05570515447,6341.515199432113,6313.642456938132,5893.321766134071,6137.771172347124,8163.507496336233,8441.400217122828,7960.876736140234,6828.886088925602,7174.998942685768,4859.053307824567,4267.344757304344,4867.814645239813,863.2690512923974,5001.265804385616,5119.1178576622,8501.063914875032,10747.010642434168,10709.445633877578,9795.13851191893,8368.850525590919,7439.820185912649,6448.740155605744,5891.127580846629,6983.778256182919,7848.368198082104,6174.329610163377,7362.47429270837,8154.536765017408,8538.89012962537,10401.42719302308,10036.02188455088,10276.936605065428,10796.158512619384,10558.669507222949,10774.879185422424,10416.557667364208,10140.098430653257,10281.987085548792,10406.257103643971,9726.90296276392,8480.653494652266,8308.39468113487,8024.885670845723,7642.809936823513,8587.24808281915,8650.538962377823,6646.825078966758,6920.123634066027,7088.348341875901
12,6883.964256452801,6728.933012188349,6949.48089014409,7222.796850110959,7894.961960552279,8490.162625619545,7659.230037049401,5369.703674004828,6098.354071022961,3330.096073933348,2279.0473341196657,673.2324824729313,0.0,890.4429673499828,1907.3112671995702,2127.7895534561726,1988.7826199686617,4619.659610387162,6386.643554973203,7042.465945751525,7035.532245937761,5874.411045811326,5882.261367853749,5850.560679335382,5455.017523681959,5626.861966178825,7689.768450412949,7999.383243861316,7369.732818972194,6199.9561262959305,6567.033412270061,4293.5207569667145,3595.21907673514,4421.072518094054,534.3710732640837,4540.079127816441,5784.584659825795,8018.176189852726,10549.22073760878,10557.121635103644,9602.339839948807,8325.010615608304,7314.072345717548,6491.816496412035,5974.3502032057495,7281.825560041616,8118.156650328958,6413.240221496378,7234.719048424794,8235.222563111349,8622.341659747397,10472.044888445711,10047.593424251701,10305.612763798792,10657.99969942104,10469.062315252917,10650.446316182459,10240.63182125907,9900.13296845005,10083.188937957571,10219.505486812071,9625.429739988667,8474.249951438185,8283.523121918035,8030.572133184927,7688.902973248526,8678.308375445107,8729.727992384476,6764.834799208747,7056.038913505777,7346.677417995774
13,6392.078139586118,6232.471990602727,6356.283087181921,6380.921335114081,7137.433739538971,7772.026762508817,6959.693194629527,4734.825845012435,5567.064821950543,2652.656638332118,3006.469696884568,1563.5127281671257,890.4429673499828,0.0,2788.826881281205,2972.433604129727,2021.4106081700659,3805.004185753495,5621.997600391616,6412.953647878296,6434.013562079094,5338.1359762457205,5323.505317204175,5286.321637945144,4934.595261435212,4990.863627269568,7092.496380218481,7446.687734784228,6597.992266401016,5373.8021730046785,5772.311132454777,3585.358271206763,2709.735943048078,3907.932098680045,1020.8848580201845,4000.8721559191363,6663.620059011997,7405.322030317728,10323.834309956583,10393.512096980616,9389.936899114704,8324.576052257991,7215.217310659866,6628.590970880566,6171.348962989955,7727.023185249986,8521.291303289416,6796.5292586194255,7134.170648969592,8398.667001107086,8785.720129082516,10605.01889871472,10106.081637281377,10384.842006859304,10512.940114897205,10390.473280085405,10523.94915318448,10046.944105497832,9620.888315967135,9859.30303433131,10011.200423138756,9536.7089374067,8521.856213940891,8308.64225816828,8098.567773853157,7813.401131914288,8851.005770186724,8886.646498196353,6993.244915608374,7303.184844415638,7742.762842125063
14,7930.130324929904,7789.421791960576,8187.834529450099,8956.072063285455,9439.642967721555,9945.627986557662,9089.461950173803,6736.920787277035,7248.5879780150635,4868.710674208299,1188.3726364889505,1244.5716357246924,1907.3112671995702,2788.826881281205,0.0,478.6743824893991,2778.1142425952194,6327.412360118558,7967.542116507972,8348.19590866727,8287.508163859427,7043.079065198724,7091.871909059944,7071.489153258938,6613.990058334919,6986.667105866311,8917.060759451786,9131.362285166022,8950.431172456018,7907.531313552254,8205.248935947002,5828.884760030277,5498.547914566453,5627.921852670631,1911.043676462872,5782.9020835567,3877.273766664801,9268.994383513662,10952.463730081876,10830.427322292608,10001.525692122153,8319.750898388453,7559.428849969122,6281.351239976266,5666.347586436635,6325.229704321064,7227.304866101875,5646.3284773070245,7487.413939781703,7878.779063616238,8251.55591441238,10113.318178909036,9860.793487042018,10067.391303108901,10889.889067775033,10564.6711958038,10843.291974475636,10584.559703484236,10430.663726374865,10494.088122310386,10594.55811850198,9764.52520536041,8360.462003569019,8225.27702627302,7890.353149546942,7440.884081021357,8285.074638553857,8369.320847429168,6334.089517614861,6566.99450885721,6502.129681825588
15,7705.300057683752,7569.267553763237,8012.806475643599,8962.38435954948,9358.787458250425,9829.66920446753,8968.819748166092,6612.732750675292,7056.39623772934,4827.634826291131,753.776960853625,1514.3058459595704,2127.7895534561726,2972.433604129727,478.6743824893991,0.0,2616.1274033890136,6336.4459481890035,7908.815837048227,8191.969314351349,8115.742866390383,6857.77935887949,6917.434832336417,6900.429129112638,6430.424879215102,6857.720927693254,8734.32076467762,8921.161508210054,8886.164292681406,7905.4695281650875,8169.133862884884,5771.847526117849,5666.435313347608,5470.325720400011,2011.073873769016,5633.099379710055,3730.5484214115977,9091.110916113556,10581.189075214083,10439.34766254785,9632.564714258511,7898.784261245491,7176.888596031346,5845.417085450567,5223.41794423994,5846.774319557042,6748.631869382444,5170.621751168342,7106.435228293437,7422.83298086051,7793.615566789112,9653.214907543756,9415.737925091451,9617.189944511092,10492.644049012772,10149.7874373929,10440.676072152071,10204.8947606153,10082.710708632725,10125.430003528216,10219.783501554344,9357.465620125982,7926.654294346548,7798.258517284251,7455.186496858111,6996.028983837732,7825.332143691922,7911.958507948383,5876.568089283944,6104.235993578474,6023.853140998739
16,5168.603078334832,5024.3488410311365,5411.131926105547,6509.420015371923,6766.916506883653,7216.280101994515,6354.499824494035,3998.91644514045,4471.050748237814,2349.5238608205877,2133.730196623225,2198.226318885944,1988.7826199686617,2021.4106081700659,2778.1142425952194,2616.1274033890136,0.0,3936.059148600474,5347.001649111759,5579.670583483132,5511.7359236148,4264.9695618969845,4314.9622707039825,4295.482103220839,3835.876151598909,4242.529421168844,6139.189022355644,6358.379607189979,6312.812485971009,5446.174330561,5640.109873586882,3233.758633993811,3937.555542710323,2857.1173476907347,1462.5875064413958,3017.751987395897,6146.825063905209,6491.907896265694,8574.952804580658,8570.144156628105,7625.613241122612,6359.621606677421,5325.641234046278,4609.337632894885,4151.733677086034,5838.531911151694,6586.67232425967,4860.626964683151,5246.1852345625875,6377.930850305097,6765.123788298037,8589.370175231545,8112.8945018531485,8383.815510846105,8669.569357345343,8484.2944299063,8661.682981997446,8258.58142260604,7948.830708008197,8109.127797433189,8240.862344656103,7638.865773896604,6531.629436581543,6329.1380119155,6099.191790434223,5797.32039544628,6829.878569208292,6866.642793868494,4977.293579377546,5290.8967989404755,5808.2365537190435
17,3834.3610459313863,3684.0613326370444,3310.3828376320134,2628.9750286126437,3395.2765220494907,4120.449216667978,3396.575132308259,1854.8454593334618,2999.412141666353,1594.4978924356656,6015.695749504063,5245.398588217268,4619.659610387162,3805.004185753495,6327.412360118558,6336.4459481890035,3936.059148600474,0.0,1895.4958462318364,3187.136903306377,3337.2158858096195,2811.172772466302,2679.064576040228,2623.236062790947,2638.5691663037805,2012.4641043337372,3938.6883434044003,4454.431223786343,2832.784573066774,1583.9866975482164,1976.7028426730465,992.2180467455842,2144.0792554526774,2231.5613114560133,4432.369915263674,2111.8418975425493,10022.68367731419,4156.7936027350315,8483.493222618876,8810.426084258232,7686.803737122274,7659.599509130578,6301.018073858861,6815.257786727517,6691.93782456833,8992.024259697073,9526.303056072196,7935.414511093501,6227.574905661862,8417.076372147892,8757.245111118744,10271.198538220422,9496.562889297707,9839.523901407463,8999.338589105664,9170.35770670818,9088.537131505629,8364.16829542137,7608.887504952051,8063.522058246431,8269.00726932616,8351.43916282338,8035.680928505543,7754.736818416278,7755.287062725097,7748.2893052049485,8854.35657571597,8819.376862289499,7483.870282934058,7819.948560658194,8805.045112567088
18,2869.1908531793697,2768.570085531166,2016.6154590491456,1536.3275612428167,1516.2976636529233,2227.98934718045,1560.1605876345786,1620.6074186290473,2316.1667768174025,3100.8248136489315,7480.724414039658,6975.731700991113,6386.643554973203,5621.997600391616,7967.542116507972,7908.815837048227,5347.001649111759,1895.4958462318364,0.0,1726.3042294844981,1981.6644635763676,2260.003061444558,2080.7695078759034,2037.442653534026,2402.9304339006635,1504.4102072273593,2411.68447815026,2998.7952155952653,985.4145523935313,940.2638005222288,456.63604424713384,2139.260432487922,3953.0589333996872,2774.17170457348,6129.430998358074,2588.899596031993,11489.862790567151,2521.484427880043,7455.882127344697,7909.483084439,6789.700267548927,7351.738057068079,6003.338900674348,7038.82351835241,7092.208309412359,9541.780391617165,9921.87071736893,8501.697645231889,5944.05187022918,8403.734061525074,8694.730632769872,9960.21001708848,9084.362588554808,9441.594237557625,8126.542136180403,8449.498575096408,8254.07563332393,7433.272669269324,6535.084918574228,7086.641818324421,7310.044800338169,7701.664592250838,7791.029761641036,7498.194783913338,7610.532927171693,7748.532029594117,8801.171094400537,8732.651137175157,7785.59387441478,8103.469977128721,9272.354920023296
19,1335.8210248828188,1300.0706900560276,382.4178325838961,3039.6784269959667,1824.758873859168,1802.1772226525486,1013.3776285395961,1678.6197015087243,1278.6755996168508,3761.6424914923896,7638.8356834302485,7540.820601573441,7042.465945751525,6412.953647878296,8348.19590866727,8191.969314351349,5579.670583483132,3187.136903306377,1726.3042294844981,0.0,292.68786687459914,1409.2443008762123,1303.0344768021457,1308.906188574272,1805.327374434911,1422.1483576716182,751.6273948173784,1297.987065225555,1815.64188408787,2666.55983044701,2110.0576769998074,2876.5970624317115,5329.289169102042,2722.5533390099627,6678.307618299568,2565.3249178380634,11529.959578595093,1002.7714710788784,5743.203648033317,6221.613011167048,5112.152478858701,5940.84358776559,4652.359146973944,6014.987871649272,6208.870548557131,8684.358154435016,8928.300826037008,7693.534918752363,4605.790052058694,7151.552762031111,7401.608933142046,8493.672230178241,7577.605272410744,7936.859697719664,6444.75329916134,6814.017307355596,6582.375155645229,5740.944522773978,4818.831017493818,5385.694720588215,5611.7648349892925,6103.809329836852,6406.027256676494,6114.389075608621,6294.791016034102,6526.9040223140855,7511.49406883688,7422.732191734867,6788.4175689115455,7079.090898466954,8354.640074300854
20,1048.4789092706983,1023.0143265547267,117.57078724454543,3326.995766918348,2103.782050052274,2014.092987408621,1271.6526687184967,1712.1336830150333,1107.4583991667555,3792.3450675398567,7544.737603356446,7515.317327699107,7035.532245937761,6434.013562079094,8287.508163859427,8115.742866390383,5511.7359236148,3337.2158858096195,1981.6644635763676,292.68786687459914,0.0,1272.7054808409946,1198.3505824990991,1216.2551998486397,1691.374257509717,1463.7378433883632,658.6472776191412,1117.2596142545322,2108.314263145941,2919.756431579344,2380.215244832573,2945.0637229324393,5469.943800734294,2662.4813083828226,6655.022246528534,2517.140779821785,11405.064018053736,985.9732575806008,5475.679160698497,5943.715847094736,4831.1427550800945,5651.291182178713,4367.870919544636,5759.336541673466,5969.383310740268,8441.851288200696,8670.29940807046,7458.999170850389,4322.365997505438,6871.464324323755,7118.221545210356,8201.470346371352,7284.940651635436,7644.196217156954,6165.253386843135,6526.623874821167,6300.573298482675,5464.287681755279,4553.753100794635,5112.106097022986,5337.175311191515,5813.045362076321,6117.536671792856,5826.153079328683,6010.76482309505,6250.099566979384,7228.267296504681,7138.166309732593,6533.7676669451,6820.805174954176,8105.782465728449
21,1098.5586593515966,936.3152758727526,1163.4454847891323,3793.9580524604135,3061.952278229808,3199.2531294048713,2366.527091064079,959.5829608033614,230.36997428445923,2769.660690840047,6276.573485314991,6319.05570515447,5874.411045811326,5338.1359762457205,7043.079065198724,6857.77935887949,4264.9695618969845,2811.172772466302,2260.003061444558,1409.2443008762123,1272.7054808409946,0.0,179.25729913733088,226.13770750174422,429.2671653304712,865.1076587488783,1876.5567098374354,2125.3375621833793,2851.8121712791663,3049.812919860353,2716.444330054803,2102.6141158951636,4796.391256141481,1454.0957547116402,5465.724804889857,1339.4882056636036,10133.697082770383,2234.4872174802713,5673.8839711167375,6004.4300694223675,4878.749653510612,5119.266030523723,3760.1000336184948,4821.238430515429,4936.207533383487,7410.831631272471,7726.7991620028,6394.702882979239,3697.800241029606,6143.979297296423,6435.1834332818,7739.709159400932,6891.133522254933,7245.035586677798,6197.670926119344,6407.563960958876,6294.133013875843,5554.608078310414,4807.485844738674,5252.366789241479,5458.057047026535,5611.250186636324,5547.7770021075075,5255.815844210129,5353.899851813402,5489.916383300617,6541.450528396694,6474.081554423351,5581.578897045974,5890.505946379102,7109.3429687501475
22,1181.8354239161774,1023.1918711421604,1096.1923954384283,3614.889243123135,2906.8079672162535,3075.1750011306694,2232.665089842319,824.4949107317282,320.3790343755859,2727.133675029572,6348.549838219588,6341.515199432113,5882.261367853749,5323.505317204175,7091.871909059944,6917.434832336417,4314.9622707039825,2679.064576040228,2080.7695078759034,1303.0344768021457,1198.3505824990991,179.25729913733088,0.0,56.12252584288767,502.311409835545,702.6365173276108,1827.6842616126055,2123.9003255204443,2682.6860287038157,2873.5976879494006,2537.197084857976,2012.542367292369,4693.110808435028,1475.1273347054819,5484.624619527886,1342.7765155051118,10227.239258926185,2177.1231118483033,5804.986419081087,6148.423027536362,5021.429728565724,5295.970603393051,3937.717494981249,4995.093643627104,5102.939682576772,7576.068771986239,7898.810571548102,6556.9486475963795,3875.735253285583,6323.142025291214,6614.435522842767,7915.573827288301,7064.293197381283,7418.582454532373,6344.293179073641,6565.631827817942,6443.954800930038,5695.237508868632,4930.832385123374,5387.878578694007,5595.797289761428,5773.5812429093785,5725.594283114307,5433.52415669348,5532.9446023772925,5668.889263697297,6720.707181022815,6653.281018376628,5754.08043790076,6064.098027982708,7277.831031478803
23,1234.5941963147343,1076.5560778835595,1116.856182070964,3572.523219924892,2887.1116182476635,3071.174421887007,2224.767992255472,768.82611247482,376.1795982472559,2684.446960413171,6335.603599174759,6313.642456938132,5850.560679335382,5286.321637945144,7071.489153258938,6900.429129112638,4295.482103220839,2623.236062790947,2037.442653534026,1308.906188574272,1216.2551998486397,226.13770750174422,56.12252584288767,0.0,501.3347865056694,647.4544308451509,1851.9830792718233,2160.3726142994224,2653.3556679821327,2823.7554002315555,2493.599423691229,1961.412403627328,4639.679039113811,1449.8111693948263,5455.917992887647,1312.9531285266685,10221.412636997853,2198.3640669695856,5860.945697424411,6204.513527516234,5077.536415508244,5345.366723908787,3986.21422279498,5029.95599067387,5131.926049518933,7603.821773183734,7931.800245111431,6582.7668847689565,3923.848623812771,6366.3397582501875,6659.007128528644,7965.637111126317,7115.91093147604,7470.016134294074,6400.320762878011,6620.869548274975,6499.85371236208,5751.3595541707455,4986.446760184341,5443.9578064257985,5651.9076487532975,5828.21703784477,5773.849347385229,5481.91182402986,5578.867700428788,5711.251261274167,6765.11132376218,6698.441419156958,5787.611331758263,6098.633786686545,7307.958412631989
24,1463.9834075475064,1302.394978265143,1585.0265991212698,3934.3955507719484,3367.9004685235445,3572.3884946515736,2724.441253649459,877.875120247246,644.654263187327,2403.3559851099076,5853.531844771484,5893.321766134071,5455.017523681959,4934.595261435212,6613.990058334919,6430.424879215102,3835.876151598909,2638.5691663037805,2402.9304339006635,1805.327374434911,1691.374257509717,429.2671653304712,502.311409835545,501.3347865056694,0.0,904.5981098512707,2304.5058878402215,2548.48224459884,3102.156516024081,3103.7894907239865,2851.4468760773334,1829.3757230513595,4529.716179170594,1034.510395922436,5041.424448255001,935.1997937715396,9725.222852491732,2660.7852394381625,5900.976844970219,6188.584743397485,5071.123831340713,5109.953152291674,3742.9981503426943,4636.237843141217,4700.461073552063,7163.353826904838,7521.178039504655,6133.651217747627,3675.0581837593163,6044.295239897577,6352.020379617928,7735.117463482057,6917.068697113289,7266.579334127314,6371.5953704853255,6531.992835409019,6455.299810261907,5751.818219883883,5058.8520472133405,5467.250817572098,5665.181022275403,5715.8689981575035,5518.608113191685,5229.677057760393,5291.351804324584,5381.7403236151895,6455.940732289468,6398.480500713889,5383.021777197151,5700.539557265198,6880.432802889913
25,1822.5812119492227,1674.2412628815896,1402.6029928629316,3031.381013707424,2613.5558316076103,2975.687193814211,2112.628789321082,257.2340349700967,1013.6548203825653,2340.2194902077163,6344.468848286784,6137.771172347124,5626.861966178825,4990.863627269568,6986.667105866311,6857.720927693254,4242.529421168844,2012.4641043337372,1504.4102072273593,1422.1483576716182,1463.7378433883632,865.1076587488783,702.6365173276108,647.4544308451509,904.5981098512707,0.0,2118.881094386889,2547.8615854337245,2272.256495940513,2211.3592052453077,1949.1456879401012,1483.9272086086878,4084.6509896010207,1427.9435040396306,5274.515923834134,1248.2698222899414,10299.673714355516,2417.11308351417,6487.7096661906935,6844.71369671709,5716.954649271415,5966.789838627248,4603.01067847971,5538.939942176387,5588.323039063836,8041.575357139833,8417.73180078722,7004.613458477584,4538.237682587833,6941.894364441496,7244.995450582214,8590.348997667463,7750.219578571411,8103.214017554383,7042.569330078916,7268.266093184484,7144.238066126431,6388.666426921096,5603.826612130618,6076.136451457682,6286.369805623063,6475.239163944691,6387.432817975527,6096.5961085673525,6176.066089986092,6281.036005467774,7349.711041873302,7288.908706837649,6282.728233031881,6601.868631546262,7768.617691963373
26,1291.7085693935376,1348.4541396982415,740.3321101742698,3578.2715944573215,2097.5025327143735,1735.2504140940935,1238.1142857641971,2369.18188044267,1682.5022261303632,4450.811752858419,8148.766619742286,8163.507496336233,7689.768450412949,7092.496380218481,8917.060759451786,8734.32076467762,6139.189022355644,3938.6883434044003,2411.68447815026,751.6273948173784,658.6472776191412,1876.5567098374354,1827.6842616126055,1851.9830792718233,2304.5058878402215,2118.881094386889,0.0,596.3023638501003,2275.94652878838,3344.7264544925583,2751.617017537035,3596.2558182692314,6080.444591845224,3301.7477440320818,7304.413105225916,3162.4306802200463,11972.354509878656,367.92216769394116,5164.0744290769035,5691.274018373035,4608.378089331318,5710.470638730856,4498.876979582619,6047.828574765833,6316.167545519461,8768.711751717748,8936.462853489542,7815.24358583824,4463.7106379624065,7020.88844782767,7239.359662832966,8188.720116850412,7245.359690816649,7603.410832430944,5923.220051842316,6354.867206986606,6075.721763801593,5205.866871374637,4235.107493515604,4836.257891116361,5066.1642262566065,5695.32347144486,6189.021075282689,5902.874474144386,6132.000276994424,6426.247873920439,7350.343953003041,7248.31334229107,6822.09837446887,7092.444355348148,8410.67482695426
27,1242.8124818402057,1361.22706213417,1152.8460465545857,4169.153825271365,2641.714559531301,2159.063360868482,1801.1081178947964,2784.2513518795495,1903.828635142305,4833.068765857393,8305.131343458339,8441.400217122828,7999.383243861316,7446.687734784228,9131.362285166022,8921.161508210054,6358.379607189979,4454.431223786343,2998.7952155952653,1297.987065225555,1117.2596142545322,2125.3375621833793,2123.9003255204443,2160.3726142994224,2548.48224459884,2547.8615854337245,596.3023638501003,0.0,2860.4812090878086,3934.933618652002,3346.435526783578,4030.3218189002123,6586.412610917114,3579.4158632264466,7589.890920097907,3460.818693841911,12049.47307481852,689.711913200286,4579.441545157598,5121.476902439275,4052.3150449790987,5299.316829926348,4152.751707858218,5816.676028682109,6138.772171942676,8557.126089456857,8668.037758170263,7637.339466906549,4126.142530046874,6665.951674448329,6862.232753354721,7720.433825579528,6764.888808958435,7121.06490217633,5356.2155770262325,5812.786021891928,5514.130818141791,4635.384491842596,3650.725413598557,4261.510437871561,4492.2293014795205,5180.16610020539,5782.896164834681,5502.350810678354,5761.698260377623,6095.823629096975,6973.341629079607,6863.214724687597,6584.692039968508,6838.069959531109,8179.724964774161
28,3141.8345926322804,3086.334419607437,2190.6743946207844,1321.059205589523,578.3391698132043,1416.4929323093975,1082.8843473595605,2451.1952891683827,2834.750173121047,4085.3823732272413,8445.798869450424,7960.876736140234,7369.732818972194,6597.992266401016,8950.431172456018,8886.164292681406,6312.812485971009,2832.784573066774,985.4145523935313,1815.64188408787,2108.314263145941,2851.8121712791663,2682.6860287038157,2653.3556679821327,3102.156516024081,2272.256495940513,2275.94652878838,2860.4812090878086,0.0,1490.3417938898913,888.9824434639551,3121.5531174148023,4795.59689610276,3654.1417335818733,7114.845072358206,3468.2318604599736,12448.036550388795,2236.333451721901,7438.9418200082155,7964.294013313299,6873.002971574458,7744.419025212863,6436.8275572215825,7667.791414657085,7785.244686511874,10256.766450515344,10577.052220346082,9232.820358918781,6386.107496185591,8911.667056410151,9176.51140221472,10307.762595241915,9393.245971612041,9752.499730595908,8194.496534157457,8601.753259754527,8342.962084394092,7479.437534202268,6510.004449416449,7111.53867810689,7341.154528881877,7908.866971585825,8204.785174526141,7912.2764712411035,8074.161345879864,8273.460740828994,9285.51251274677,9203.02179635297,8431.263127188082,8737.422377924546,9960.496756140199
29,3773.963889546407,3662.92557664253,2950.714313165685,1063.3966922852915,2063.693100040401,2902.2587083429185,2390.945678645437,2239.567925678505,3144.9900915329326,3102.0110745639563,7556.020215476382,6828.886088925602,6199.9561262959305,5373.8021730046785,7907.531313552254,7905.4695281650875,5446.174330561,1583.9866975482164,940.2638005222288,2666.55983044701,2919.756431579344,3049.812919860353,2873.5976879494006,2823.7554002315555,3103.7894907239865,2211.3592052453077,3344.7264544925583,3934.933618652002,1490.3417938898913,0.0,637.9566600767713,2246.8971636500487,3339.042151435568,3214.399572831411,6015.77592274404,3041.7328132482453,11571.925843953699,3433.2895581986454,8390.585510250592,8834.239048865978,7711.575124092846,8169.030279471625,6808.533654264541,7699.404124074877,7690.954891089196,10098.894224951653,10539.297870759066,9046.845248994154,6745.123887071475,9148.059913862051,9454.66659803133,10789.164762827178,9933.148774113966,10288.462710542297,9048.723370175167,9352.757737003229,9172.121955302608,8360.11316005241,7471.4168708593415,8017.002296800131,8239.253979598881,8591.411716307337,8595.114949061419,8303.653473643864,8387.424982604916,8485.08318836797,9558.967848305147,9499.560351921427,8424.996238743644,8751.295853330545,9860.124287191918
30,3304.6391297874475,3209.5128768400323,2425.886161056318,1083.200429544279,1467.1587144928417,2281.3462426739156,1754.568134648532,2047.775567018419,2771.980587680474,3342.057127440694,7770.37698998633,7174.998942685768,6567.033412270061,5772.311132454777,8205.248935947002,8169.133862884884,5640.109873586882,1976.7028426730465,456.63604424713384,2110.0576769998074,2380.215244832573,2716.444330054803,2537.197084857976,2493.599423691229,2851.4468760773334,1949.1456879401012,2751.617017537035,3346.435526783578,888.9824434639551,637.9566600767713,0.0,2407.350693590871,3906.6478712731196,3165.565194361451,6340.7497998970985,2982.3536631279117,11786.753207847181,2816.7722027480186,7853.119021312521,8322.31164401551,7206.411311550971,7806.304886124819,6459.097899980861,7487.560136742257,7531.584703105089,9974.924596247223,10365.619453404248,8931.933642122242,6400.048237970769,8859.93751457902,9151.319520015273,10413.002765348969,9534.004442717103,9891.540518308542,8542.140525709809,8879.894883202645,8673.674672742345,7843.785200893093,6928.877126289854,7492.3152798129995,7717.341972787403,8139.325864049223,8246.588652756482,7953.70022304164,8067.1280882176525,8204.352343392959,9257.733714331782,9189.286781889057,8231.798939522767,8550.975003154863,9711.002573859294
